local classes200 = {	
	{5,21,22,36,39,44,46,48,49,52,53,68,73,74,80,81,85,89,94,97,100,101,105,106,110,112,115,118,119,121,128,132,138,139,141,144,145,161,176,179,180,181,184,188,194,195},
	
	{3,9,13,28,34,35,42,43,56,64,65,83,91,122,127,177,189,191,196,198},
	
	{2,12,16,20,24,25,30,31,38,45,55,58,63,67,69,87,90,96,104,120,124,129,131,133,134,136,142,146,150,156,157,159,162,164,165,168,170,171,175,182,183,186,187,199},
						
	{1,4,7,8,10,15,17,18,19,23,26,27,29,32,33,37,40,41,47,50,51,54,57,59,60,61,62,70,71,72,75,77,78,79,82,84,86,88,92,93,95,98,99,102,103,107,108,109,111,113,114,116,117,123,126,130,135,137,140,147,148,149,151,152,153,154,155,158,160,163,166,167,169,173,174,178,185,190,192,193,197,200},
						
	{6,11,14,66,76,125,143,172}
}
